<?xml version="1.0" encoding="UTF-8" standalone="no"?>
<!-- Created with Inkscape (http://www.inkscape.org/) -->
<!-- width="90.66669"
height="98.66669" -->
   <!-- width="70.66669"
   height="78.66669"
   viewBox="0 0 906.66669 982.66669" -->

<svg
   version="1.1"
   id="svg1"
   width="78.66669"
   height="70.66669"
   viewBox="0 0 982.66669 986.66669"
   sodipodi:docname="upload_ra4pmskc2lu5d7dc5amrcl44ld.pdf"
   xmlns:inkscape="http://www.inkscape.org/namespaces/inkscape"
   xmlns:sodipodi="http://sodipodi.sourceforge.net/DTD/sodipodi-0.dtd"
   xmlns="http://www.w3.org/2000/svg"
   xmlns:svg="http://www.w3.org/2000/svg">
  <defs
     id="defs1" />
  <sodipodi:namedview
     id="namedview1"
     pagecolor="#ffffff"
     bordercolor="#fff"
     borderopacity="0"
     inkscape:showpageshadow="0"
     inkscape:pageopacity="0.0"
     inkscape:pagecheckerboard="0"
     inkscape:deskcolor="#fff">
    <inkscape:page
       x="0"
       y="0"
       inkscape:label="1"
       id="page1"
       width="906.66669"
       height="982.66669"
       margin="0"
       bleed="0" />
  </sodipodi:namedview>
  <g
     id="g1"
     inkscape:groupmode="layer"
     inkscape:label="1"
      transform="rotate(90) translate(0, -906.66669)"
     
     >
    <path
       id="path1"
       d="m 75.200131,-25.289971 6.257815,2.484376 -3.773439,17.7187576 c -9.257816,5.21484579 -19.031258,7.8281281 -29.332043,7.8281281 -3.000001,0 -5.472658,0 -7.687503,-0.1406251 C 38.450116,2.4717593 35.707928,1.9561341 32.450114,1.2998839 29.1923,0.65535235 26.46183,-0.38761681 24.246986,-1.7001173 21.891516,-2.8719928 19.418859,-4.6883998 16.946201,-7.0438695 14.332919,-9.3876204 12.246981,-12.246997 10.688386,-15.516529 8.989167,-18.774343 7.6883853,-22.934501 6.6454161,-28.02044 5.6024469,-33.10638 5.0868217,-38.707945 5.0868217,-45.094666 c 0,-9.257816 1.0429692,-17.203132 3.2578138,-23.589853 2.2148445,-6.386721 5.3437525,-11.472661 9.5156285,-14.988287 4.031252,-3.527346 8.730473,-6.000003 13.816412,-7.429691 5.074221,-1.441407 11.074223,-2.214844 17.97657,-2.214844 3.527345,0 7.828128,0.128906 12.644536,0.515625 4.828127,0.398437 8.730472,0.65625 11.730474,1.042969 l 4.570314,0.65625 1.300782,25.417979 -6.785159,1.429688 -4.945315,-10.81641 c -1.699219,-3.656252 -3.656251,-6.257815 -6.128908,-7.687504 -2.472658,-1.441406 -6.128909,-2.085938 -11.20313,-2.085938 -1.699219,0 -3.398439,0.128906 -4.828127,0.386719 -1.429688,0.257813 -3.38672,1.042969 -5.730471,2.472657 -2.343751,1.441407 -4.300783,3.257814 -5.871096,5.74219 -1.558594,2.472657 -3.000001,6.246096 -4.171877,11.20313 -1.171875,4.957033 -1.816407,10.81641 -1.816407,17.730475 v 3.515627 c 0,7.300784 0.515626,13.429693 1.429688,18.503913 0.914063,5.08594 2.343751,9.000004 4.300783,11.730474 1.957032,2.871095 4.171877,4.8281268 6.644534,6.0000023 2.484376,1.1718755 5.343752,1.8281257 8.859379,1.8281257 5.343752,0 10.171879,-1.5703131 14.601568,-4.828127 4.429689,-3.257814 8.085941,-8.074222 10.945317,-14.730475 z m 81.465849,-6.902346 c 0,5.859377 -0.65625,10.945317 -1.82812,15.117194 -1.17188,4.300782 -2.73047,7.5585963 -4.5586,10.0312535 -1.95703,2.484376 -4.30078,4.300783 -7.30078,5.7421898 -3,1.42968809 -6,2.343751 -8.73047,2.7304699 -2.8711,0.3984376 -6.25782,0.5273439 -10.04298,0.5273439 -3.77344,0 -6.90234,-0.1289063 -9.375,-0.5273439 -2.61328,-0.3867189 -5.48438,-1.17187551 -8.47266,-2.4726573 -3,-1.3007817 -5.47266,-3.1289075 -7.300784,-5.4726584 -1.957032,-2.343751 -3.515627,-5.7304715 -4.699221,-10.0312545 -1.300782,-4.312501 -1.945313,-9.515628 -1.945313,-15.644537 0,-5.871096 0.644531,-10.816411 1.816407,-14.988287 1.171875,-4.171877 2.742189,-7.429691 4.570314,-9.773442 1.687497,-2.214844 4.171877,-4.04297 7.160157,-5.343752 3,-1.3125 5.74219,-2.085938 8.47266,-2.484376 2.74219,-0.386719 6,-0.515625 9.77344,-0.515625 4.57032,0 8.34376,0.128906 11.21485,0.386719 2.8711,0.398438 5.85938,1.171875 8.85938,2.343751 3,1.3125 5.21485,3.128907 6.91407,5.343752 1.55859,2.35547 2.85937,5.613283 3.90234,9.78516 1.04297,4.160158 1.57031,9.246098 1.57031,15.2461 z m -21.2461,2.871095 v -4.699221 c 0,-6.644534 -0.38672,-11.730473 -1.17187,-15.117193 -0.78516,-3.38672 -1.95704,-5.601565 -3.38672,-6.773441 -1.57032,-1.171875 -3.78516,-1.699219 -6.65626,-1.699219 -2.60156,0 -4.55859,0.527344 -5.98828,1.570313 -1.44141,1.171876 -2.48438,3.38672 -3.25781,6.902347 -0.91407,3.515626 -1.30079,8.472659 -1.30079,15.117193 v 4.699221 c 0,9.246097 0.90235,15.503912 2.73047,18.761726 1.69922,3.2578139 4.30079,4.828127 7.81641,4.828127 3.91407,0 6.78516,-1.5703131 8.60157,-4.828127 1.69922,-3.128907 2.61328,-9.386722 2.61328,-18.761726 z M 239.29785,-5.6024627 V -8.9790978e-4 H 205.27831 V -5.6024627 l 4.6875,-1.1718754 c 1.17188,-0.3984377 1.82813,-0.7851566 2.08594,-1.4414068 0.25781,-0.6445316 0.39844,-1.8164071 0.39844,-3.5156261 v -31.546888 c 0,-3.257814 -0.65625,-5.601565 -2.08594,-7.289065 -1.44141,-1.570314 -3.78516,-2.35547 -7.17188,-2.35547 -4.17188,0 -7.6875,1.441407 -10.5586,4.300783 v 36.89064 c 0,1.699219 0.12891,2.8710945 0.52735,3.5156261 0.25781,0.6562502 0.90234,1.0429691 2.07422,1.4414068 l 4.57031,1.1718754 V -8.9790978e-4 H 165.7861 V -5.6024627 l 4.5586,-1.1718754 c 1.17188,-0.3984377 1.82813,-0.7851566 2.21484,-1.4414068 0.25782,-0.6445316 0.39844,-1.6875007 0.39844,-3.3867201 v -37.664078 c 0,-2.343751 -0.14062,-3.914064 -0.39844,-4.69922 -0.38671,-0.773438 -1.17187,-1.300782 -2.34375,-1.558595 l -4.42969,-0.785156 v -5.601565 l 26.33205,-2.085938 0.38672,7.957034 c 5.60156,-5.871096 12.11719,-8.742191 19.80469,-8.742191 4.44141,0 8.08594,0.65625 10.95704,1.828126 2.85937,1.300782 4.94531,3.128907 6.11719,5.472658 1.18359,2.343751 1.82812,4.42969 2.22656,6.386722 0.38672,1.957032 0.51563,4.429689 0.51563,7.300784 v 32.062513 c 0,2.7421882 0.91406,4.4296889 2.60156,4.9570329 z m 62.16507,-14.8593813 c 0,14.9882877 -9.77344,22.4179781 -29.32033,22.4179781 -4.04297,0 -7.95703,-0.2578126 -11.85938,-0.9140628 -3.91406,-0.65625031 -6.78516,-1.42968811 -8.73047,-2.0859384 l -2.87109,-1.0429691 -1.30079,-17.3320378 6.51563,-1.570314 c 2.73047,5.871097 5.73047,9.785161 8.98829,12.0000052 3.1289,2.2148447 7.04297,3.2578138 11.60156,3.2578138 6.38672,0 9.51563,-3.0000012 9.51563,-8.871097 0,-2.214845 -0.65625,-4.171877 -2.08594,-5.601565 -1.42968,-1.429688 -4.17187,-2.871095 -8.47266,-4.300783 l -5.47265,-1.957032 c -3.00001,-1.042969 -5.08594,-1.816407 -6.51563,-2.472657 -1.44141,-0.65625 -3,-1.429688 -4.95703,-2.613283 -1.95704,-1.03125 -3.38672,-2.214844 -4.30079,-3.38672 -0.91406,-1.171875 -1.6875,-2.601563 -2.34375,-4.429689 -0.65625,-1.828126 -1.04297,-3.914064 -1.04297,-6.386721 0,-6.644534 2.08594,-11.601567 6.12891,-14.859381 4.04297,-3.128908 10.5586,-4.687502 19.8047,-4.687502 4.17187,0 8.08594,0.128906 11.85938,0.515625 3.65625,0.398438 6.25781,0.785157 7.95703,1.171876 l 2.34375,0.65625 1.30078,17.203132 -6.51562,1.300782 c -2.47266,-5.472659 -4.94532,-8.988285 -7.4297,-10.687505 -2.47265,-1.6875 -6.1289,-2.472657 -10.81641,-2.472657 -5.34375,0 -7.94531,1.957032 -7.94531,6.000002 0,2.214845 0.77344,4.031252 2.34375,5.343753 1.55859,1.429688 4.81641,2.988282 9.77344,4.687501 l 7.30079,2.613283 c 6.90234,2.472657 11.33203,4.687502 13.41797,6.902346 2.08594,2.214845 3.12891,6.128909 3.12891,11.601567 z m 54.35158,3.386721 v -35.449233 c 0,-1.69922 -0.25781,-3.000002 -0.65625,-3.656252 -0.51562,-0.644531 -1.42969,-1.042969 -2.73047,-1.300782 l -3.25781,-0.644531 v -5.613284 h 26.19141 v 51.750021 c 0,1.687501 0.12891,3.0000012 0.52735,3.6445328 0.38672,0.6562502 1.17187,1.1718754 2.60156,1.5703131 l 4.69922,1.1718754 V -8.9790978e-4 H 355.68559 V -8.0868386 c -6.91406,6.1289087 -14.20313,9.1289099 -22.16016,9.1289099 -3.12891,0 -5.73047,-0.38671895 -7.94532,-1.30078181 -2.21484,-0.91406289 -3.91406,-1.95703199 -5.08594,-3.12890749 -1.17187,-1.1718755 -2.08593,-2.8710949 -2.74218,-5.0859395 -0.64454,-2.0859385 -0.91407,-3.9140645 -1.04297,-5.6015645 -0.12891,-1.570313 -0.25782,-3.656252 -0.25782,-6.257815 v -32.320326 c 0,-1.699219 -0.25781,-2.871095 -0.64453,-3.527345 -0.52734,-0.644531 -1.4414,-1.042969 -2.74219,-1.300782 l -3.25781,-0.644531 v -5.613284 h 26.19142 v 40.804704 c 0,3.773439 0.52734,6.644534 1.4414,8.859379 0.91407,2.214844 2.85938,3.257814 5.73047,3.257814 4.5586,0 8.73048,-2.085939 12.64454,-6.257815 z m 68.68948,11.4726603 V -8.9790978e-4 H 391.00006 V -5.6024627 l 4.44141,-1.1718754 c 1.17188,-0.3984377 1.81641,-0.7851566 2.08594,-1.4414068 0.25781,-0.6445316 0.38672,-1.8164071 0.38672,-3.5156261 v -69.597684 c 0,-2.214845 -0.12891,-3.656252 -0.38672,-4.300783 -0.39844,-0.656251 -1.1836,-1.04297 -2.35547,-1.171876 l -4.30078,-0.785156 v -5.343753 l 26.71876,-1.828125 v 83.027377 c 0,2.8710945 0.78515,4.5585952 2.34375,4.9570329 z m 50.5635,-4.5703143 v 7.4296905 c -7.42969,2.48437599 -14.85938,3.65625146 -22.27735,3.65625146 -6.00001,0 -9.91407,-1.17187547 -11.73048,-3.51562646 -1.95703,-2.2265633 -2.87109,-6.257815 -2.87109,-11.8710985 v -40.136735 h -8.73047 v -7.171878 c 3.51562,-1.6875 6.38672,-3.644532 8.34375,-5.859377 3.51562,-3.785158 6.51563,-9.644535 9.11719,-17.859382 h 10.94532 v 21.375008 h 14.98828 v 9.515629 h -14.98828 v 39.363297 c 0,2.214845 0.39843,3.902346 1.3125,4.816408 0.77343,1.0429696 2.60156,1.5703135 5.34375,1.5703135 1.55859,0 3.25781,-0.1289063 4.94531,-0.3984376 1.69922,-0.1289063 3.12891,-0.3867189 4.04297,-0.6445315 z m 34.0254,-75.457061 c 0,1.042969 -0.1289,2.085938 -0.39843,3.000001 -0.38672,1.042969 -0.91407,2.085938 -1.5586,3.257814 -0.78516,1.171875 -2.08594,2.214844 -3.78516,2.859376 -1.6875,0.785156 -3.77344,1.171875 -6.25781,1.171875 -7.42969,0 -11.07423,-3.38672 -11.07423,-10.289066 0,-2.472658 0.91407,-4.828127 2.60157,-6.914066 1.69922,-2.085938 4.69922,-3.128907 9,-3.128907 4.04297,0 6.90235,0.914063 8.73047,2.871095 1.82813,1.957032 2.74219,4.429689 2.74219,7.171878 z m -27.50391,23.718759 26.84766,-2.214845 v 52.394553 c 0,1.699219 0.12891,2.8710945 0.52735,3.5156261 0.25781,0.6562502 0.90234,1.0429691 2.07422,1.4414068 l 4.57031,1.1718754 V -8.9790978e-4 H 481.58897 V -5.6024627 l 4.55859,-1.1718754 c 1.17188,-0.3984377 1.82813,-0.7851566 2.21485,-1.4414068 0.25781,-0.6445316 0.39843,-1.8164071 0.39843,-3.5156261 v -37.535172 c 0,-2.343751 -0.14062,-3.914064 -0.39843,-4.69922 -0.38672,-0.773438 -1.17188,-1.300782 -2.34376,-1.558595 l -4.42968,-0.785156 z M 597.45815,-5.6024627 V -8.9790978e-4 H 563.43861 V -5.6024627 l 4.6875,-1.1718754 c 1.17187,-0.3984377 1.82813,-0.7851566 2.08594,-1.4414068 0.25781,-0.6445316 0.39844,-1.8164071 0.39844,-3.5156261 v -31.546888 c 0,-3.257814 -0.65625,-5.601565 -2.08594,-7.289065 -1.44141,-1.570314 -3.78516,-2.35547 -7.17188,-2.35547 -4.17188,0 -7.6875,1.441407 -10.5586,4.300783 v 36.89064 c 0,1.699219 0.12891,2.8710945 0.52735,3.5156261 0.25781,0.6562502 0.90234,1.0429691 2.07421,1.4414068 l 4.57032,1.1718754 V -8.9790978e-4 H 523.9464 V -5.6024627 l 4.5586,-1.1718754 c 1.17188,-0.3984377 1.82813,-0.7851566 2.21484,-1.4414068 0.25782,-0.6445316 0.39844,-1.6875007 0.39844,-3.3867201 v -37.664078 c 0,-2.343751 -0.14062,-3.914064 -0.39844,-4.69922 -0.38671,-0.773438 -1.17187,-1.300782 -2.34375,-1.558595 l -4.42969,-0.785156 v -5.601565 l 26.33205,-2.085938 0.38671,7.957034 c 5.60157,-5.871096 12.1172,-8.742191 19.8047,-8.742191 4.44141,0 8.08594,0.65625 10.95704,1.828126 2.85937,1.300782 4.94531,3.128907 6.11719,5.472658 1.18359,2.343751 1.82812,4.42969 2.22656,6.386722 0.38672,1.957032 0.51562,4.429689 0.51562,7.300784 v 32.062513 c 0,2.7421882 0.91407,4.4296889 2.60157,4.9570329 z m 79.63773,-51.0937703 -12.51563,0.785156 c 2.21484,2.601564 3.25781,6.515628 3.25781,11.730474 0,7.289065 -2.87109,12.503911 -8.47266,15.761725 -5.60156,3.257814 -13.03125,4.957033 -22.28907,4.957033 l -10.28906,-0.386719 c -1.57032,1.957032 -2.35547,3.773439 -2.35547,5.601565 0,1.429688 1.95703,2.472657 5.87109,3.000001 2.73047,0.386719 6.25782,0.773438 10.28907,1.171876 4.04297,0.386719 6.65625,0.785156 7.82813,0.914063 3.51562,0.386718 6.25781,0.773437 8.20313,1.171875 1.95703,0.386719 4.04297,0.914063 6.52734,1.558594 2.34375,0.785157 4.03125,1.6992198 5.20313,2.6132827 1.18359,1.0429692 2.08594,2.343751 3,4.0312516 0.78516,1.6992195 1.17188,3.78515779022 1.17188,6.257815 0,5.6132835 -1.94532,10.5585977 -5.73048,14.8593807 -3.91406,4.171877 -8.85937,7.300784 -14.98828,9.257816 -6.12891,1.957033 -12.77345,3.000002 -19.94532,3.000002 -18.1172,0 -27.10548,-5.871096 -27.10548,-17.730476 0,-1.9570322 0.51562,-3.9140642 1.42968,-5.6015649 0.91407,-1.6992194 1.95704,-3.0000012 2.8711,-3.9140641 0.91406,-0.9140628 2.34375,-1.95703201 4.04297,-3.25781378 l 1.42969,-0.91406282 c -4.30078,-2.2148447 -6.38672,-5.4726585 -6.38672,-9.9023474 0,-2.472658 1.30078,-5.08594 4.04297,-7.687503 2.60156,-2.472658 5.47266,-4.558596 8.60156,-6.257815 -4.55859,-1.04297 -8.08594,-3.128908 -10.55859,-6.257815 -2.47266,-3.000002 -3.64454,-6.902347 -3.64454,-11.601568 0,-3.773439 0.64453,-7.031252 1.94532,-9.773441 1.18359,-2.73047 2.74218,-4.816408 4.69922,-6.386721 1.82812,-1.429688 4.17187,-2.601564 7.03125,-3.515627 2.87109,-0.914063 5.61328,-1.441407 8.08594,-1.699219 2.47266,-0.257813 5.47266,-0.386719 8.73047,-0.386719 9.51563,0 16.4297,1.042969 20.58985,3.128907 l 3.52735,-1.699219 c 4.81641,-2.343751 8.34375,-3.515626 10.42969,-3.515626 2.21485,0 3.64453,0.785156 4.42969,2.472657 0.64453,1.699219 1.04297,4.429689 1.04297,8.214847 z m -29.84767,13.945318 v -3.38672 c 0,-3.914064 -0.65625,-6.785159 -1.95703,-8.730472 -1.42969,-1.828126 -4.17188,-2.742189 -8.21485,-2.742189 -6.64453,0 -9.90235,3.785158 -9.90235,11.472661 v 3.38672 c 0,4.04297 0.78516,6.902347 2.21485,8.730472 1.42969,1.957032 3.91406,2.871095 7.6875,2.871095 3.78516,0 6.51563,-0.914063 7.95704,-2.871095 1.42968,-1.957032 2.21484,-4.816408 2.21484,-8.730472 z m 4.5586,52.3945522 c 0,-2.4726572 -1.04297,-4.0429704 -3.25782,-4.8164082 -2.21484,-0.9140628 -7.17187,-1.6992194 -14.85938,-2.484376 -3,-0.3867189 -6.51563,-0.9140628 -10.5586,-1.55859435 -1.17187,2.60156355 -1.82812,5.60156475 -1.82812,8.85937855 0,3.3867198 1.3125,6.2578148 3.78516,8.7304718 2.47265,2.484376 6.1289,3.656252 10.94531,3.656252 5.74219,0 9.77344,-1.312501 12.25782,-3.914064 2.34375,-2.601564 3.51563,-5.472659 3.51563,-8.4726598 z m 0,0"
       style="fill:#fff;fill-opacity:1;fill-rule:nonzero;stroke:none"
       aria-label="Consulting"
       transform="matrix(0,-1.3333328,1.3333328,0,-112.82302,-1957.9988)" />
    <path
       id="path2"
       d="M -1.89844,0.128906 H 5666.8116 V 6141.8689 H -1.89844 Z"
       style="fill:none;stroke:#fff;stroke-width:1.8;stroke-linecap:butt;stroke-linejoin:miter;stroke-miterlimit:22.9256;stroke-dasharray:none;stroke-opacity:1"
       transform="matrix(0.16,0,0,-0.16,0,982.66667)" />
    <path
       id="path3"
       d="m 3595.86,2843.58 c 0,8.12 -173.89,76.38 -170.63,274.65 3.25,198.28 175.52,240.54 175.52,240.54 0,0 0,263.27 261.64,268.16 261.67,4.87 255.18,-307.16 255.18,-307.16 0,0 92.62,-110.52 92.62,-230.79 0,-120.27 -89.39,-230.78 -89.39,-230.78 0,0 -4.87,-313.66 -264.9,-313.66 -260.04,0 -260.04,299.04 -260.04,299.04 z m -95.88,263.28 c 0,0 15.54,141.59 119.19,171.01 0,0 81.25,5.6 70.04,63.03 -11.2,57.43 2.81,196.11 161.09,210.12 158.29,14.01 196.11,-159.69 193.31,-194.71 -2.8,-35.02 -29.41,-68.64 2.8,-91.05 32.22,-22.41 89.65,-77.05 89.65,-172.3 0,-95.25 -44.82,-147.08 -67.23,-173.69 -22.42,-26.62 -36.42,-19.62 -32.22,-60.24 4.2,-40.62 9.8,-156.89 -88.25,-210.12 -98.06,-53.23 -173.7,-16.81 -215.72,22.41 -42.03,39.23 -57.43,91.06 -51.83,152.69 5.6,61.63 -4.2,67.24 -25.22,75.64 -93.34,37.34 -154.03,102.2 -155.61,207.21 z m 1288.74,-19.5 c 0,886.14 -589.46,1634.73 -1397.54,1875.34 v -258.32 c 670.14,-231.71 1151.57,-868.21 1151.57,-1617.02 0,-748.81 -481.43,-1385.32 -1151.57,-1617.02 v -258.32 c 808.08,240.61 1397.54,989.2 1397.54,1875.34 z m 709.95,0 c 0,1272.57 -892,2337.02 -2084.69,2602.58 6.45,-47.62 10.17,-101.15 10.63,-161.01 1.27,-164.21 -27.29,-249.37 -56.34,-293.5 963.41,-239.75 1677.6,-1110.57 1677.6,-2148.07 0,-1057.29 -741.66,-1941.55 -1732.95,-2161.169 V 464.195 C 4555.95,690.633 5498.67,1779.07 5498.67,3087.36 Z m -3426.77,2556.29 -0.4,-0.12 C 969.602,5315.99 165.66,4295.46 165.66,3087.36 165.66,1879.81 968.852,859.672 2069.96,531.641 l 1.94,-0.575 v 476.664 l -1.79,0.66 C 1223.04,1319.08 618.465,2132.74 618.465,3087.36 c 0,955.09 605.175,1769.09 1452.885,2079.43 l 0.55,0.19 v 476.67"
       style="fill:#2ca4e0;fill-opacity:1;fill-rule:evenodd;stroke:none"
       transform="matrix(0.16,0,0,-0.16,0,982.66667)" />
    <path
       id="path4"
       d="m 1345.53,3857.31 h 565.42 c 22.68,0 38.14,2.4 46.35,7.21 8.22,4.8 14.92,15.32 17.02,32.12 l 7.04,56.22 h 61.1 v -373.72 h -61.1 l -7.04,54.43 c -2.17,16.79 -8.8,27.32 -17.02,32.12 -8.21,4.81 -23.66,7.22 -46.35,7.22 h -565.42 c -22.68,0 -38.14,-2.41 -46.35,-7.22 -8.21,-4.8 -14.84,-15.33 -17.01,-32.12 l -7.04,-54.43 h -61.11 v 373.72 h 61.11 l 7.04,-56.22 c 2.1,-16.8 8.8,-27.32 17.01,-32.12 8.21,-4.81 23.67,-7.21 46.35,-7.21 z m 695.37,-618.38 v -407.61 h -54.08 c -2.88,22.7 -1.05,72.74 -24.1,85.09 -8.22,4.41 -23.71,6.61 -46.43,6.61 h -580.74 c -50.26,0 -68.61,-41.12 -70.53,-95.13 h -54.08 v 668.77 l 221.01,4.65 -0.35,-70.6 c -70.73,-0.33 -140.72,-8.95 -140.72,-123.01 v -201.66 h 309.17 v 94.62 c 0,25.66 -7.18,62.63 -14.23,73.05 -7.05,10.42 -20.6,23.24 -43.5,27.66 l -74.91,14.43 3.67,73.79 h 314.13 l -3.66,-73.79 -65.25,-14.43 c -20.1,-4.45 -32.52,-15.04 -38.79,-25.86 -6.26,-10.82 -5.74,-48.4 -5.74,-74.85 v -94.62 h 239.81 c 68.98,0 68.93,85.53 75.24,132.89 z m -659.11,-896.3 c 202.08,0 122.36,312.85 338.17,379.03 24.04,7.38 54.2,9.71 89.7,9.71 175.9,0 240.73,-141.54 240.73,-295.55 0,-47.93 -3.27,-93.95 -9.83,-138.07 -6.56,-44.12 -12.93,-76.07 -19.1,-95.86 l -10.42,-29.66 -220.82,4.34 3.51,87.11 c 105.79,-4.34 181.44,37.03 181.44,149.32 0,86.5 -21.29,175.39 -123.76,168.66 -142.2,-9.35 -148.3,-289.46 -271.9,-364.01 -34.89,-21.04 -80.2,-41.69 -140.05,-35.37 -290.74,30.67 -254.83,313.84 -201.67,514.82 l 213.26,1.05 -1.8,-73.02 -92.32,-14.62 c -108.75,-17.22 -123.05,-267.88 24.86,-267.88"
       style="fill:#2ca4e0;fill-opacity:1;fill-rule:nonzero;stroke:none"
       transform="matrix(0.16,0,0,-0.16,0,982.66667)" />
    <path
       id="path5"
       d="m 3145.84,5753.66 c -20.27,0 -33.85,-9.39 -40.73,-28.18 -6.88,-18.78 -13.58,-61.61 -20.09,-128.48 -2.9,-26.3 -7.25,-56.73 -13.04,-91.29 21.73,-10.52 46.34,-15.78 73.86,-15.78 28.24,0 52.5,10.71 72.77,32.12 20.28,21.41 30.41,53.16 30.41,95.24 0,49.59 -10.86,84.71 -32.58,105.38 -21.73,20.66 -45.26,30.99 -70.6,30.99 z m -436.63,-39.45 h -28.24 c -32.58,0 -56.66,-5.82 -72.23,-17.46 -15.57,-11.65 -23.35,-35.13 -23.35,-70.45 0,-57.1 31.86,-85.65 95.58,-85.65 h 28.24 c 33.31,0 57.75,6.2 73.32,18.59 15.56,12.4 23.35,34.75 23.35,67.06 0,33.06 -7.97,55.98 -23.9,68.75 -15.93,12.78 -40.19,19.16 -72.77,19.16 z m -116.21,258.1 6.51,-108.2 c 21.72,18.79 54.31,28.18 97.75,28.18 60.83,0 104.81,-24.42 131.97,-73.26 27.15,-48.84 40.73,-113.08 40.73,-192.73 l -3.26,-89.03 c 15.93,-13.53 31.5,-20.29 46.71,-20.29 12.3,0 20.63,16.91 24.98,50.72 2.89,24.04 6.15,53.72 9.77,89.03 3.62,35.32 6.16,57.86 7.61,67.63 3.62,30.8 6.87,54.47 9.77,71 2.9,16.53 7.42,35.13 13.58,55.79 6.15,20.67 13.4,35.88 21.72,45.65 8.33,9.77 19.55,18.22 33.67,25.36 14.12,7.14 31.32,10.71 51.59,10.71 47.07,0 88.16,-16.73 123.28,-50.16 35.12,-33.44 61.01,-76.45 77.66,-129.05 16.66,-52.59 24.98,-110.07 24.98,-172.44 0,-156.29 -49.23,-234.43 -147.72,-234.43 -16.65,0 -32.22,4.14 -46.7,12.4 -14.48,8.27 -25.34,16.53 -32.58,24.79 -7.25,8.27 -16.3,19.92 -27.16,34.94 l -7.6,12.4 c -18.1,-36.82 -45.62,-55.22 -82.55,-55.22 -21,0 -42.17,11.45 -63.53,34.37 -21.37,22.92 -38.93,47.9 -52.68,74.95 -8.69,-39.82 -25.89,-70.25 -51.59,-91.29 -25.71,-21.04 -58.12,-31.56 -97.22,-31.56 -31.13,0 -58.1,5.45 -80.92,16.34 -22.81,10.9 -40.54,24.42 -53.22,40.57 -12.67,16.16 -22.62,36.64 -29.86,61.43 -7.24,24.8 -11.95,48.09 -14.12,69.88 -2.18,21.79 -3.26,46.96 -3.26,75.51 0,82.65 8.69,142.02 26.07,178.08 l -14.12,30.43 c -19.56,42.08 -29.33,72.13 -29.33,90.16 0,18.79 7.06,31.38 21.18,37.76 14.12,6.39 36.75,9.58 67.89,9.58 z m -62.03,-1706.89 -25.01,230.32 h 460.89 c 15.28,0 25.6,1.37 30.95,4.11 5.35,2.74 10.73,8.92 12.61,19.4 l 10.32,57.29 h 49.3 V 4269.7 h -49.3 l -10.32,41.15 c -2.59,10.32 -7.26,21.06 -12.61,23.79 -5.35,2.75 -15.67,4.12 -30.95,4.12 h -321.51 c -20.64,0 -34.4,-1.38 -41.28,-4.12 -6.87,-2.73 -11.49,-9.6 -13.76,-20.57 l -10.03,-48.65 z m -194.36,236.93 c 9.03,0 17.86,-1.22 26.51,-3.64 8.65,-2.42 18.04,-6.58 28.2,-12.46 10.15,-5.89 18.42,-15.75 24.81,-29.6 6.39,-13.84 9.59,-30.45 9.59,-49.84 0,-58.84 -29.7,-88.26 -89.11,-88.26 -21.8,0 -41.73,6.75 -59.78,20.24 -18.04,13.51 -27.07,37.56 -27.07,72.17 0,31.85 8.47,55.04 25.38,69.58 16.92,14.54 37.41,21.81 61.47,21.81 z m 629.19,-311.19 41.84,31 c 46.25,-63.86 74.18,-107.1 71.24,-171.64 -4.65,-101.74 -24.41,-160.96 -128.95,-160.96 h -353.52 v -75.51 h -59.52 c -0.23,44.28 -21.78,73.08 -40.28,90.66 -31.28,29.75 -68.65,37.83 -136.47,60.37 v 79.2 h 157.27 v 145.08 h 79 v -145.08 h 347.03 c 75.34,0 57.22,103.13 22.36,146.88 z m 51.89,-413.78 h 47.77 v -302.35 h -56.67 c -0.13,46.53 8.65,73.24 -42.33,73.24 H 2386.5 c -19.26,0 -31.48,-1.38 -36.66,-4.11 -5.19,-2.75 -8.75,-9.59 -10,-20.59 l -6,-52.82 h -58.88 l -26.01,233.52 h 724.41 c 45.39,0 39.48,36.47 44.33,73.11 z m -85.09,-604.49 h -298.52 c -48.9,0 -45.81,-36.65 -56.24,-77.63 h -50.27 l -22.43,230.65 h 446.13 c 15.59,0 26.51,1.61 32.74,4.8 6.23,3.2 14.1,10.8 14.03,24 l -0.39,70.09 h 57.74 l 24.37,-236.66 -94.91,-8.98 c 54.56,-63.18 95.29,-114.71 95.29,-212.9 0,-92.6 -43.01,-146.59 -130.53,-153.85 -14.42,-1.2 -33.32,-1.28 -56.7,-1.8 l -264.48,-5.99 c -38.76,-0.86 -45.32,-54.43 -51.44,-83.37 h -50.27 l -21.58,240.89 h 365.89 c 58.05,0 117.68,14.33 117.68,88.41 0,41.58 -18.7,86.35 -56.11,122.34 z m -43.67,-501.78 c 130.92,0 198.92,-130.28 196.37,-226.9 -0.9,-34.55 -2.85,-68.75 -8.56,-102.56 -5.7,-33.81 -11.6,-58.99 -17.69,-75.51 l -9.14,-24.8 -163.28,2.71 -1,69.06 c 148.02,-8.28 188.29,215.49 54.67,218.41 -115.62,2.53 -65.06,-291.8 -244.91,-286.51 -219.71,6.46 -216.3,237.32 -178.67,389.2 l 151.98,3.64 1.25,-58.89 c -47.95,-21.79 -70.27,-9.08 -84.73,-30.5 -14.46,-21.41 -25.5,-39.69 -25.5,-80.27 0,-45.83 21.32,-80.78 56.33,-81.46 65.1,-1.27 70.06,15.98 94.27,83.22 41.41,115.03 60.86,201.16 178.61,201.16 z M 3020,2170.56 h 49.13 V 1874.38 H 3020 l -7.34,44 c -1.73,10.44 -7.23,16.36 -12.56,18.7 -5.33,2.33 -15.61,3.5 -30.85,3.5 H 2692.8 c -28.18,0 -49.32,-6.24 -63.41,-18.7 -14.09,-12.47 -24.08,-44.71 -24.08,-75.09 0,-37.41 14.8,-77.32 39.93,-103.03 h 323.3 c 15.23,0 25.52,1.37 30.85,4.09 5.32,2.72 10.64,8.87 12.56,19.28 l 8.05,43.54 h 49.13 V 1511.31 H 3020 l -10.28,40.91 c -3.05,10.14 -7.24,16.56 -12.56,19.29 -5.34,2.73 -15.24,4.09 -29.71,4.09 H 2637.3 c -20.56,0 -34.27,-1.36 -41.13,-4.09 -6.85,-2.73 -11.42,-9.55 -13.71,-20.46 l -6.85,-39.74 h -49.12 l -16.05,213.09 81.03,3.51 c -15.15,15.14 -28.24,32.94 -39.17,52.27 -25.89,45.79 -50.94,100.21 -50.94,148.43 0,129.11 87.5,177.66 183.92,177.66 h 281.03 c 24.37,0 38.84,7.8 43.41,23.38 z m -208.2,-889.83 c -81.45,0 -246.16,-6.9 -244.08,-116.93 2.18,-115.82 168.95,-110.13 244.08,-110.13 63.24,0 208.99,17.95 208.99,115.53 0,108.69 -138.55,111.53 -208.99,111.53 z m -22.01,164.29 c 211.57,0 289.83,-112.31 291.97,-280.64 2.08,-164.28 -96.01,-275.001 -291.97,-275.001 -195.81,0 -284.82,137.101 -283.04,275.001 1.85,143.53 71.22,280.64 283.04,280.64 z m 59.73,-722.247 -5.21,79.168 185.12,-4.035 c 41.81,-80.398 51.59,-190.008 50.18,-278.66 -3.58,-225.051 -138.84,-338.371 -383.6,-349.117 -175.99,-7.723 -341.13,80.25 -381.5,229.926 -34.83,129.117 -40.63,230.023 12.53,380.672 l 214.57,7.691 0.75,-60.398 c -196.77,-23.418 -213.27,-173.961 -160.41,-263.68 65.93,-111.891 227.35,-106.375 335.26,-108.578 84.16,-1.719 159.96,15.57 212,59.218 110.43,92.622 109.48,285.086 -79.69,307.793 z M 3020,5302.21 h 49.13 V 5006.03 H 3020 l -7.34,43.99 c -1.73,10.45 -7.23,16.37 -12.56,18.7 -5.33,2.34 -15.61,3.51 -30.85,3.51 H 2692.8 c -28.18,0 -49.32,-6.24 -63.41,-18.7 -14.09,-12.47 -24.08,-44.71 -24.08,-75.1 0,-37.4 14.8,-77.31 39.93,-103.02 h 323.3 c 15.23,0 25.52,1.36 30.85,4.09 5.32,2.72 10.64,8.87 12.56,19.28 l 8.05,43.54 h 49.13 V 4642.96 H 3020 l -10.28,40.91 c -3.05,10.13 -7.24,16.56 -12.56,19.29 -5.34,2.72 -15.24,4.09 -29.71,4.09 H 2637.3 c -20.56,0 -34.27,-1.37 -41.13,-4.09 -6.85,-2.73 -11.42,-9.55 -13.71,-20.46 l -6.85,-39.74 h -49.12 l -16.05,213.09 81.03,3.51 c -15.15,15.14 -28.24,32.94 -39.17,52.27 -25.89,45.79 -50.94,100.21 -50.94,148.42 0,129.12 87.5,177.67 183.92,177.67 h 281.03 c 24.37,0 38.84,7.8 43.41,23.38 l 10.28,40.91"
       style="fill:#2ca4e0;fill-opacity:1;fill-rule:nonzero;stroke:none"
       transform="matrix(0.16,0,0,-0.16,0,982.66667)" />
  </g>
</svg>
